joga([[[0,0,0,1],[0,0,0,0],[0,0,0,0],[0,0,0,0]],[[-1,-1,0,0],[0,-1,0,0],[0,0,-1,0],[0,0,0,1]],[[1,-1,0,0],[0,0,0,0],[0,0,0,0],[0,0,0,0]],[[-1,-1,0,0],[0,0,0,0],[0,0,1,1],[-1,1,1,1]]],1, Valor, Jogada).

[[[1,0,0,0],[0,0,0,0],[0,0,0,0],[0,0,0,0]],[[0,0,-1,0],[0,0,0,0],[0,1,0,0],[0,0,0,0]],[[-1,-1,0,0],[0,0,0,0],[0,0,0,0],[0,0,0,0]],[[-1,0,0,0],[0,0,0,0],[0,0,0,1],[1,-1,1,1]]]

GLOBALSZ=100000; export GLOBALSZ
TRAILSZ=15000; export TRAILSZ
LOCALSZ=370000; export LOCALSZ

retractall(tabuleiroAtual(_)).  

asserta(tabuleiroAtual([[[0,0,0,1],[0,0,0,0],[0,0,0,0],[0,0,0,0]],[[-1,-1,0,0],[0,-1,0,0],[0,0,-1,0],[0,0,0,1]],[[1,-1,0,0],[0,0,0,0],[0,0,0,0],[0,0,0,0]],[[-1,-1,0,0],[0,0,0,0],[0,0,1,1],[-1,1,1,1]]])).    

asserta(tabuleiroAtual([[[1,0,0,0],[0,0,0,0],[0,0,0,0],[0,0,0,0]],[[0,0,-1,0],[0,0,0,0],[0,1,0,0],[0,0,0,0]],[[-1,-1,0,0],[0,0,0,0],[0,0,0,0],[0,0,0,0]],[[-1,0,0,0],[0,0,0,0],[0,0,0,1],[1,-1,1,1]]])).